1.000000000000000000e+00 0.000000000000000000e+00 -1.355252715606880543e-20 1.734723475976807094e-18 0.000000000000000000e+00 1.000000000000000000e+00 -8.673617379884035472e-19 -6.938893903907228378e-18 -4.743384504624081899e-20 0.000000000000000000e+00 9.999999999999998890e-01 0.000000000000000000e+00
9.999949070748660462e-01 -1.597527260818445462e-03 -2.762921294823455359e-03 -1.980843393155676951e-02 1.595773875476796076e-03 9.999985241381228462e-01 -6.365754593339106523e-04 -1.956247080519131487e-02 2.763933792291548876e-03 6.321632726164509372e-04 9.999959805096653165e-01 6.966955439635820202e-01
9.999768322322341030e-01 -8.779145089772601163e-04 -6.750131871394039751e-03 -1.949053356300952528e-02 8.680471104636055396e-04 9.999985507620179348e-01 -1.464570377229982602e-03 -2.744971515199595702e-02 6.751406951918810864e-03 1.458677138617348740e-03 9.999761450912131311e-01 1.421664198332643680e+00
9.999417691290004573e-01 -8.136943755190232178e-04 -1.076086817361378463e-02 -2.622980646122729034e-02 7.886983137365514984e-04 9.999969817636434888e-01 -2.326889511679122204e-03 -3.251806773373440429e-02 1.076272763033874098e-02 2.318267134912945122e-03 9.999393928153835764e-01 2.136506631671315048e+00
9.998802216995880121e-01 2.310157561779616064e-04 -1.547543028969088248e-02 -4.835901313891574627e-02 -2.737474544098322110e-04 9.999961559223929930e-01 -2.759202091365174636e-03 -3.466321383922857380e-02 1.547473131029451429e-02 2.763108198461974516e-03 9.998764413034224585e-01 2.863022187992844803e+00
9.997993247669796357e-01 -5.335518314109654117e-04 -2.002562364654503907e-02 -6.839627490978272828e-02 4.757325389815377642e-04 9.999957052494188314e-01 -2.891912111942044998e-03 -4.452964412701416325e-02 2.002707794417847575e-02 2.881805189093825104e-03 9.997952846803075388e-01 3.607145529940534612e+00
9.996975938932938233e-01 5.375322630090436510e-04 -2.458519765717428682e-02 -8.820760553869422260e-02 -6.281782170577954183e-04 9.999930335155772232e-01 -3.679443279367203105e-03 -5.853516680663990723e-02 2.458304527413350191e-02 3.693774803207702101e-03 9.996909671501144068e-01 4.362776307823557964e+00
9.995601604520625294e-01 3.704520408856560795e-03 -2.942383961028442393e-02 -1.230335912507112273e-01 -3.837817504221159928e-03 9.999826222157762734e-01 -4.475086896393637784e-03 -7.149593263663792109e-02 2.940674630464053599e-02 4.586042306920681821e-03 9.995570075470647797e-01 5.158562687282335801e+00
9.994094491938070313e-01 4.751862987101444780e-03 -3.403193914894099559e-02 -1.658642518798625898e-01 -4.888331895648275263e-03 9.999803374139444312e-01 -3.927973248829198100e-03 -7.921773214654269368e-02 3.401260025177423041e-02 4.092013363054345515e-03 9.994130268571265185e-01 5.943119317714982586e+00
9.992514775210287192e-01 6.404510168285475376e-03 -3.815058579621943141e-02 -2.043255188193420224e-01 -6.475060734220295169e-03 9.999775469431254615e-01 -1.726028342440150999e-03 -1.066125975243857604e-01 3.813866972895291890e-02 1.971763931195764236e-03 9.992705108065154107e-01 6.751875335515977739e+00
9.991212158244823227e-01 4.553866233960550750e-03 -4.166603775695789519e-02 -2.373577569364629936e-01 -4.506829141739427877e-03 9.999890966255238212e-01 1.222747337160701858e-03 -9.495929128324445689e-02 4.167114610232710431e-02 -1.033891137732886184e-03 9.991308454607463752e-01 7.550180896971277811e+00
9.990196508297600753e-01 4.677801795629203674e-03 -4.402108322349075620e-02 -2.723281765653971509e-01 -4.634315713201116183e-03 9.999886676279571285e-01 1.089826917901717644e-03 -1.114106068336108146e-01 4.402567645714124817e-02 -8.847509397576719739e-04 9.990300079063009209e-01 8.366378226019332232e+00
9.989166826306052904e-01 4.205050462327009249e-03 -4.634413754477209602e-02 -3.170856511570484537e-01 -4.187265363338724469e-03 9.999911177675080420e-01 4.808165561423129869e-04 -1.116447836679887173e-01 4.634574155499201348e-02 -2.862404571748336859e-04 9.989254176086080905e-01 9.194404981884838790e+00
9.988279528715274802e-01 3.270734121972781669e-03 -4.829102667506804392e-02 -3.546009745239473987e-01 -3.261841862612819415e-03 9.999946456098049996e-01 2.629292563605788863e-04 -1.360112935422037317e-01 4.829162160792594555e-02 -1.051033626523504780e-04 9.988332732977985851e-01 1.002262478853634597e+01
9.987186763082521734e-01 2.875325861343083420e-03 -5.052463283126288479e-02 -4.017608336723256235e-01 -2.842350981734373047e-03 9.999956980752651159e-01 7.244766714087254311e-04 -1.410267339222326666e-01 5.052649181437515041e-02 -5.799396440199265992e-04 9.987225524998939452e-01 1.086990470417038956e+01
9.986564442006301556e-01 -1.237702015598847113e-04 -5.181979910159461439e-02 -4.550103641532026733e-01 1.576678696200341928e-04 9.999997762825874048e-01 6.500593393507329842e-04 -1.526482603358593204e-01 5.181970010402466714e-02 -6.573562747698687495e-04 9.986562402152660001e-01 1.174248088314407745e+01
9.985665425922959360e-01 1.742518991697569741e-03 -5.349601961214132950e-02 -5.145880184785861511e-01 -1.811857920219485732e-03 9.999975802185766538e-01 -1.247686392221808438e-03 -1.615514250474485991e-01 5.349370887897571952e-02 1.342825231249344942e-03 9.985672833944612137e-01 1.260565685440824879e+01
9.984802366614359270e-01 3.994921639963034191e-03 -5.496597219506931670e-02 -5.716933063947933213e-01 -4.202496068336466703e-03 9.999844665838774072e-01 -3.661365604784187766e-03 -1.828255191667931268e-01 5.495048415917221790e-02 3.886795846317049608e-03 9.984815154156072570e-01 1.346910972571816423e+01
9.983759470284514492e-01 7.227881821783593667e-03 -5.650864234635869648e-02 -6.150114631600229753e-01 -7.532140849934455817e-03 9.999582516086704675e-01 -5.173186232930143680e-03 -1.939178061879297532e-01 5.646888446609558965e-02 5.590416269822648561e-03 9.983887077841057112e-01 1.436120420286488475e+01
9.982949532374421064e-01 7.818954248219912861e-03 -5.784505908891154208e-02 -6.964279174506988745e-01 -8.129697184537381868e-03 9.999537501302194764e-01 -5.138636303501260827e-03 -2.085631788527551322e-01 5.780219726557087045e-02 5.600138016676073013e-03 9.983123478755147051e-01 1.524234665353252716e+01
9.982106302622335559e-01 7.826695498907347559e-03 -5.928137194553693284e-02 -7.379860425348704345e-01 -8.076012491022955403e-03 9.999595186034531125e-01 -3.967258366377172940e-03 -2.293816440844160254e-01 5.924791370000341562e-02 4.438916995156101837e-03 9.982334297072269491e-01 1.613674503002008365e+01
9.981621490468556290e-01 7.462128399183997653e-03 -6.013851888652441829e-02 -8.017855940194461573e-01 -7.650344568923534913e-03 9.999665302673578227e-01 -2.900093156856078762e-03 -2.479293938629470173e-01 6.011485715166959426e-02 3.354843941460170821e-03 9.981858285913173257e-01 1.704051537333341315e+01
9.980765358890915095e-01 7.644528215517992602e-03 -6.152064958633595565e-02 -8.707799274017133939e-01 -7.807652315239086566e-03 9.999666118015048122e-01 -2.411600133105470077e-03 -2.622405404390726891e-01 6.150015174426745612e-02 2.887293644236652718e-03 9.981028976381408624e-01 1.794596744707962443e+01
9.979922483561008972e-01 7.196275199397030378e-03 -6.292603989899871186e-02 -9.271775104175827842e-01 -7.405278468543184667e-03 9.999678099247484298e-01 -3.088840098103922370e-03 -2.674143246297642773e-01 6.290177774082204853e-02 3.548623672883442423e-03 9.980134132395439561e-01 1.885853955477482913e+01
9.979115551815270768e-01 7.450541137361724187e-03 -6.416399418025578449e-02 -9.778826137505990390e-01 -7.674642069476010631e-03 9.999652781825406622e-01 -3.246885386204596650e-03 -2.834740046007452885e-01 6.413756665058523154e-02 3.732540500792067874e-03 9.979340860207362995e-01 1.977329673368342000e+01
9.978735466879867788e-01 7.103032700506640984e-03 -6.479145340372653716e-02 -1.031689720701542301e+00 -7.257671219183093811e-03 9.999713478175370485e-01 -2.151679227058603781e-03 -3.064192400642140046e-01 6.477430486647826891e-02 2.617339123701347553e-03 9.978965068114824533e-01 2.071432954242058599e+01
9.978950909232663369e-01 7.201770879425781029e-03 -6.444782920161691575e-02 -1.117628041592827692e+00 -7.139528595563354729e-03 9.999737979933152054e-01 1.196008696346349646e-03 -3.048928960138882482e-01 6.445474528670494530e-02 -7.333640862539131042e-04 9.979203612148836999e-01 2.164750844065646973e+01
9.979469656510062681e-01 7.116320865290377308e-03 -6.364913503957507490e-02 -1.170035683522771208e+00 -6.800556269543740762e-03 9.999634786624125304e-01 5.176269100504238448e-03 -3.112386369235269901e-01 6.368363794624262719e-02 -4.732792844906089091e-03 9.979589141231293148e-01 2.256601257053771903e+01
9.980240606265404768e-01 7.091638571475744265e-03 -6.243143211787831326e-02 -1.220292136921480752e+00 -6.619191495766982986e-03 9.999478974878891480e-01 7.771010407881899333e-03 -3.273244756892851326e-01 6.248328010539452165e-02 -7.342410299505752400e-03 9.980190018659922391e-01 2.351352682391530990e+01
9.981414773695879150e-01 5.471250300715270812e-03 -6.069313947670833265e-02 -1.276846812985651836e+00 -4.974352012638417683e-03 9.999528897094611679e-01 8.335117301057046874e-03 -3.318008065474519763e-01 6.073587557513369234e-02 -8.017717856028377249e-03 9.981216704474947798e-01 2.446708929166242186e+01
9.982230051711834529e-01 6.295089133000314127e-03 -5.925541648540180728e-02 -1.349620381316429141e+00 -5.911443414595143539e-03 9.999604320461158435e-01 6.647493544745987880e-03 -3.415858537026665309e-01 5.929491048661127139e-02 -6.285396399904932471e-03 9.982207204861637262e-01 2.539521849154233379e+01
9.982540880647057246e-01 1.008943669583532016e-02 -5.819776210242411096e-02 -1.405948355910672465e+00 -1.001649909051554634e-02 9.999486402968872367e-01 1.544822891110310924e-03 -3.625107568954914483e-01 5.821035168196355553e-02 -9.591879555515513134e-04 9.983038787702229744e-01 2.637351134626912241e+01
9.983149142064182691e-01 1.044220984717358219e-02 -5.708145840969567480e-02 -1.463478323275854143e+00 -1.054301332007786911e-02 9.999433475142041061e-01 -1.465123322677826766e-03 -3.794891579414066407e-01 5.706291784156437147e-02 2.064465266983132354e-03 9.983684494558106026e-01 2.731544571414956479e+01
9.983834042001101805e-01 7.983430567395779359e-03 -5.627471540958712409e-02 -1.536023232630876256e+00 -8.023528667598344918e-03 9.999676925363438773e-01 -4.866642431214903211e-04 -3.923570882346193445e-01 5.626900453257408646e-02 9.373994276900225048e-04 9.984152041611475958e-01 2.829835517018224422e+01
9.984020906076832569e-01 3.701742593053047696e-03 -5.638761474104019011e-02 -1.564310344798151453e+00 -3.470013731342395588e-03 9.999851303256939161e-01 4.206914585318445587e-03 -3.914230635592217400e-01 5.640234163023368635e-02 -4.004526795730128062e-03 9.984000896942308856e-01 2.925930076747749098e+01
9.983602511778713051e-01 -1.362662177561283980e-03 -5.722720111241072494e-02 -1.631486198538054433e+00 1.824637309333846345e-03 9.999661651150780761e-01 8.021180514415656923e-03 -3.904927902263793382e-01 5.721432699938398814e-02 -8.112447295077150275e-03 9.983289580316041523e-01 3.022688603843967314e+01
9.982457483937380305e-01 -1.049468907103306807e-02 -5.826909874367446063e-02 -1.677044467187648991e+00 1.096057765014641673e-02 9.999104249065218220e-01 7.681660279571776197e-03 -4.029661948352374901e-01 5.818325483043805535e-02 -8.306848334034255474e-03 9.982713581842378447e-01 3.122622662620501544e+01
9.981802993351635012e-01 -1.009838237834859154e-02 -5.944840843250972368e-02 -1.735313515517840299e+00 1.034955647105231455e-02 9.999387632833076633e-01 3.918719949102975227e-03 -4.279007066580067797e-01 5.940518729776846085e-02 -4.526854039260706092e-03 9.982236877274713871e-01 3.220506453047661921e+01
9.981051269671107340e-01 -8.171023533977070374e-03 -6.098680588377252548e-02 -1.809019974398614838e+00 8.189212508811487268e-03 9.999664666693707238e-01 4.832659376697093223e-05 -4.516360861937421811e-01 6.098435773241288327e-02 -5.476689334039898036e-04 9.981385713291387463e-01 3.319259037494539655e+01
9.979924603970793395e-01 -6.111569282559171229e-03 -6.303727739531107821e-02 -1.872749054187381246e+00 6.045883937685226500e-03 9.999809637089369652e-01 -1.232683041763893601e-03 -4.498290887793827686e-01 6.304360257162205938e-02 8.490924377140282933e-04 9.980104120632079523e-01 3.416719219037434385e+01
9.979011247548129626e-01 -1.036789917678608390e-02 -6.392067376216074848e-02 -1.930686115441150985e+00 1.041576253143489984e-02 9.999456680917645501e-01 4.156336508038893998e-04 -4.790836739878955308e-01 6.391288300406480771e-02 -1.080543888059938736e-03 9.979548963558507735e-01 3.518361893707417920e+01
9.978302041450830551e-01 -9.898262904997448194e-03 -6.509154140550617307e-02 -1.999238880486422287e+00 1.011791753391361008e-02 9.999441738747515407e-01 3.045797079945259007e-03 -4.672202597132541491e-01 6.505775076309633365e-02 -3.697779424735408299e-03 9.978746488495130462e-01 3.620979338377364343e+01
9.978032686592220868e-01 -4.562939366959386719e-03 -6.608946454517154734e-02 -2.086889721939548359e+00 4.862870758276216163e-03 9.999785920433889030e-01 4.378122145862597958e-03 -4.973132044514558259e-01 6.606806373420348599e-02 -4.689889443060995047e-03 9.978040966012562407e-01 3.722682329744486651e+01
9.977059864940166500e-01 -7.074776441539261385e-03 -6.732542435884683596e-02 -2.166271248911636693e+00 7.524535295040522993e-03 9.999510224689974747e-01 6.429155639475407288e-03 -4.944690576533092297e-01 6.727663305562708862e-02 -6.921000115785998913e-03 9.977103556037011378e-01 3.821185670847721383e+01
9.977180572664309244e-01 -5.392531195712726294e-03 -6.730229953264642295e-02 -2.218216638556232301e+00 6.093685604685039614e-03 9.999292368043136703e-01 1.021706386882453854e-02 -5.147742651348437004e-01 6.724243214266309443e-02 -1.060386898246318613e-02 9.976803158112103054e-01 3.919791102274577099e+01
9.976938983800162086e-01 -1.555766010977293820e-03 -6.785621157596688491e-02 -2.305618619571227157e+00 2.388467229475646839e-03 9.999228202619535599e-01 1.219215971861128782e-02 -5.067071982373705374e-01 6.783199719822703699e-02 -1.232611664892088732e-02 9.976206123910479340e-01 4.019931441887741386e+01
9.977030687249621721e-01 -5.916115284341225480e-04 -6.773652909179705972e-02 -2.369733148890822871e+00 1.410391830910881321e-03 9.999265153793691630e-01 1.204054193820285924e-02 -5.313818021619267640e-01 6.772441908540012545e-02 -1.210842162157559423e-02 9.976305871666915071e-01 4.120733949455589595e+01
9.977055998055979202e-01 -4.202911221378611770e-04 -6.770051840473315097e-02 -2.429659183544735424e+00 1.141822252429453878e-03 9.999429611927703743e-01 1.061935103899890043e-02 -5.359903489437635171e-01 6.769218454496785109e-02 -1.067228877211263971e-02 9.976491716380249120e-01 4.220289069409296445e+01
9.976928149863639739e-01 3.838096214754821607e-03 -6.778138884758706795e-02 -2.512704416882334257e+00 -3.293848861614993156e-03 9.999614498143181152e-01 8.139376354436657357e-03 -5.563166034648944214e-01 6.781000647909748991e-02 -7.897336242004972945e-03 9.976669957290326129e-01 4.320721451007838709e+01
9.976437176188764910e-01 3.769650878735506493e-03 -6.850403764757288794e-02 -2.589629644645834450e+00 -3.215299937580778228e-03 9.999612045362888946e-01 8.200687254720626443e-03 -5.549843997729686507e-01 6.853228453969478773e-02 -7.961103681743825211e-03 9.976171340022956802e-01 4.416963681692539012e+01
9.975578592638388864e-01 1.435008566720460260e-03 -6.983021507736855704e-02 -2.654845134196523126e+00 -7.760290708285922517e-04 9.999549228111329624e-01 9.463093286794605971e-03 -5.705544629966198267e-01 6.984063757858326171e-02 -9.385793511529332694e-03 9.975140056392651777e-01 4.518921537014395540e+01
9.975107527443863864e-01 4.914921213303993439e-04 -7.051281708445170104e-02 -2.738266202771592273e+00 2.197290817769186749e-04 9.999491885071726260e-01 1.007830020294430209e-02 -5.639523119039842047e-01 7.051417816730409793e-02 -1.006870730172224407e-02 9.974599596075501839e-01 4.619155799603978352e+01
9.974836040040921947e-01 1.722085203576936493e-03 -7.087661782271763300e-02 -2.814486066900657057e+00 -1.148904111073864587e-03 9.999663154171428703e-01 8.126995678797269834e-03 -5.848805818106346255e-01 7.088821624464849980e-02 -8.025115096629790307e-03 9.974519825678588303e-01 4.715776857484620166e+01
9.974115281925929333e-01 4.923075203683852617e-03 -7.173567853634948976e-02 -2.883451546787968223e+00 -4.734029152710686819e-03 9.999848601228336076e-01 2.805081951805456567e-03 -5.967216247087463454e-01 7.174839248179257223e-02 -2.458222418730040583e-03 9.974197333676255717e-01 4.815600095989871221e+01
9.973815286325897755e-01 5.026156997242708056e-03 -7.214447250678894530e-02 -2.979353605126086268e+00 -4.902800167849299257e-03 9.999862011118934024e-01 1.886829577295883430e-03 -6.154603010393330242e-01 7.215295082713758801e-02 -1.528179095580248746e-03 9.973924080025510230e-01 4.913719550341101439e+01
9.973659088841496656e-01 4.531538165248708699e-03 -7.239274677648516176e-02 -3.036103781047077899e+00 -4.154607105936698047e-03 9.999770234594874685e-01 5.356471791995368395e-03 -6.192049374353953972e-01 7.241534679110420147e-02 -5.041599284212782556e-03 9.973618195019943178e-01 5.008926312979102136e+01
9.973840102857685075e-01 2.016184492324760678e-03 -7.225698474305353169e-02 -3.111327681942810841e+00 -1.398925856181376312e-03 9.999621084240259972e-01 8.592131905844849898e-03 -6.365743515066739633e-01 7.227156044179257333e-02 -8.468573442650041694e-03 9.973490381954080997e-01 5.106743571891681910e+01
9.973413091626196492e-01 2.020170624056924144e-03 -7.284389321398455908e-02 -3.173700593367343004e+00 -1.370596783312501635e-03 9.999588633284661743e-01 8.966221257116263957e-03 -6.449423907907764209e-01 7.285900018303184678e-02 -8.842543900955178102e-03 9.973030505674929103e-01 5.202833802037569910e+01
9.973427924139552925e-01 -5.784183561825329348e-04 -7.284930114512147559e-02 -3.244603059064123940e+00 1.173965918975937786e-03 9.999662414529310039e-01 8.132513201582836429e-03 -6.619598170134438631e-01 7.284212809152092183e-02 -8.196426631626212850e-03 9.973098024826201335e-01 5.298465514057557613e+01
9.973208320441477870e-01 -3.333809298261993306e-03 -7.307560820230907250e-02 -3.321436763412615623e+00 3.848924370681218454e-03 9.999687225332075657e-01 6.909395767358086395e-03 -6.717853382339022961e-01 7.305027817277842672e-02 -7.172147352155521134e-03 9.973024698255070764e-01 5.393509693432246621e+01
9.972374173210386550e-01 -4.347696975515263906e-03 -7.415276041159810094e-02 -3.386543753153406389e+00 4.946537287805352449e-03 9.999566070166487908e-01 7.894039941247236666e-03 -6.830182892694839358e-01 7.411521186198000155e-02 -8.239032012071526370e-03 9.972156501265857509e-01 5.489764034521408576e+01
9.971427509072490203e-01 -7.840461033282669981e-03 -7.513229904204882237e-02 -3.453151045375714379e+00 8.761214109319435256e-03 9.998904119520207745e-01 1.193336601994235066e-02 -6.882017694254655149e-01 7.503049227195106308e-02 -1.255752054903502488e-02 9.971021677946738659e-01 5.585380663476415464e+01
9.970513737988250247e-01 -1.093317048594309206e-02 -7.595409593881444210e-02 -3.514641854072014127e+00 1.224803132310530243e-02 9.997827199892205252e-01 1.686708447950988413e-02 -6.998728972543968307e-01 7.575317174007981103e-02 -1.774763929494912323e-02 9.969686441261418341e-01 5.682484680160655444e+01
9.970187592951703648e-01 -9.338928395592957510e-03 -7.659229034634652822e-02 -3.588049992630196083e+00 1.084385314378268420e-02 9.997557741620171079e-01 1.925624262503616499e-02 -6.850333769321270694e-01 7.639374159081827043e-02 -2.002939226064099840e-02 9.968765313615995938e-01 5.776728825895550301e+01
9.969354427832635146e-01 -8.794254059828001541e-03 -7.773277913967704955e-02 -3.664347539725501424e+00 1.005682086247611066e-02 9.998235511216936322e-01 1.586590631351560143e-02 -6.964668665763710242e-01 7.757952404363636922e-02 -1.659903027010730531e-02 9.968479767256105406e-01 5.870386542179412004e+01
9.968185764122464709e-01 -6.964476648501156247e-03 -7.939913572359767746e-02 -3.772793837264833527e+00 7.634719488782413729e-03 9.999377155875730505e-01 8.141008256281442174e-03 -7.066932046236482634e-01 7.933748188355602138e-02 -8.721299041220882675e-03 9.968096618365187567e-01 5.962334079791777697e+01
9.967767071161823811e-01 -4.756266947169057041e-03 -8.008479917094712963e-02 -3.842435536172435828e+00 5.022203066295112886e-03 9.999825226448177951e-01 3.119597749144191988e-03 -7.291990972573645369e-01 8.006855112039402977e-02 -3.511744718918436738e-03 9.967831729010865338e-01 6.054257826190384861e+01
9.966722418105611325e-01 -5.967398421282636006e-04 -8.151127114591633083e-02 -3.932132131758459437e+00 8.778686122819807230e-04 9.999937898110033974e-01 3.413164707118338925e-03 -7.257685610355759653e-01 8.150871724484314018e-02 -3.473362922257052648e-03 9.966665760112389805e-01 6.145230092413257950e+01
9.966185362616400978e-01 3.156827438449300374e-03 -8.210681250846667278e-02 -4.001332262243732174e+00 -2.672988915688572983e-03 9.999784150841990460e-01 6.002041202719663598e-03 -7.455319771954681540e-01 8.212397663789357261e-02 -5.762275317624685964e-03 9.966054623579096994e-01 6.233856322287269336e+01
9.965622547729352521e-01 3.368485303551062814e-03 -8.277878185410639245e-02 -4.108533874434892041e+00 -2.752087882301381544e-03 9.999676410493189005e-01 7.559290332040478205e-03 -7.527264136182009180e-01 8.280155547557176143e-02 -7.305489460241781398e-03 9.965392772862441406e-01 6.323458842605584351e+01
9.964525977679347113e-01 4.628222668638336083e-03 -8.402857280210307422e-02 -4.181191538146058484e+00 -4.001515865714809495e-03 9.999629218922732043e-01 7.625136801175413578e-03 -7.746584877920492662e-01 8.406073674271115348e-02 -7.261846225950434330e-03 9.964341709501819411e-01 6.409039774480669394e+01
9.963429629186242309e-01 4.735261999977875835e-03 -8.531282821800124927e-02 -4.269480691247205861e+00 -4.063176649276321883e-03 9.999593448326679068e-01 8.049799824393848169e-03 -7.759376630842996780e-01 8.534746627922278062e-02 -7.673720868350438623e-03 9.963216964844494594e-01 6.495020716667903571e+01
9.961900775563421462e-01 4.850102004925290443e-03 -8.707357265493369247e-02 -4.337428475497979719e+00 -4.142544948384124445e-03 9.999569337390136203e-01 8.304817179126575480e-03 -7.900828234441357178e-01 8.711009025309891796e-02 -7.912470851167488495e-03 9.961672669864759522e-01 6.580183976502723908e+01
9.960659336748164394e-01 6.467978308927958830e-03 -8.837885626343919276e-02 -4.416541024155231199e+00 -5.716515460948083660e-03 9.999453500210422341e-01 8.753194626610675405e-03 -8.074529108708764502e-01 8.843062997898289146e-02 -8.213540472376728088e-03 9.960484728341364447e-01 6.663886866622188165e+01
9.959258946296672965e-01 7.297032268767498879e-03 -8.987973616703280599e-02 -4.486402366585062751e+00 -6.469253841698236612e-03 9.999339689463428993e-01 9.497709876325553802e-03 -8.148909773049896055e-01 8.994309435142328057e-02 -8.877561021731443860e-03 9.959073387873778049e-01 6.741913733390056507e+01
9.958245947713777468e-01 9.605751616152756467e-03 -9.078054453959687187e-02 -4.572723144238169724e+00 -8.487857394751925286e-03 9.998834242417012907e-01 1.269228840532037397e-02 -8.042789506426677448e-01 9.089186851343888929e-02 -1.186876152859753578e-02 9.957900378462770652e-01 6.824147060069122972e+01
9.956714817323623068e-01 1.130216864606631635e-02 -9.225271150545197307e-02 -4.651956733153376433e+00 -9.801815687907975555e-03 9.998124926145122160e-01 1.670041896031196696e-02 -8.239556137108137168e-01 9.242415199957523808e-02 -1.572388801673338388e-02 9.955955675720901121e-01 6.902615160021390750e+01
9.955450970432052626e-01 1.299339752505801818e-02 -9.338700523541157428e-02 -4.726471040532878476e+00 -1.131196405844137227e-02 9.997646476357143763e-01 1.851185479935456291e-02 -8.298574832940652790e-01 9.360554572026409670e-02 -1.737299716845039019e-02 9.954577738135417242e-01 6.979310444289107807e+01
9.953730778761448184e-01 1.546725241872853006e-02 -9.483249112317543306e-02 -4.805474156358148896e+00 -1.405238093205584196e-02 9.997800378795682619e-01 1.556940561879673404e-02 -8.385597150449521919e-01 9.505243475461208624e-02 -1.416474596829480487e-02 9.953714850469541631e-01 7.056549914061788797e+01
9.952067078166657588e-01 1.513492115380132147e-02 -9.661544573603968178e-02 -4.892764305292772953e+00 -1.445747673692696772e-02 9.998657752577871927e-01 7.707968230373568250e-03 -8.437734476760769819e-01 9.671912408867582023e-02 -6.274206547309025411e-03 9.952919390568952807e-01 7.128540757544428175e+01
9.950681751111173368e-01 1.582496637976911133e-02 -9.792292294599018454e-02 -4.963779475597972279e+00 -1.566358269784194623e-02 9.998743981286100091e-01 2.416623165218586763e-03 -8.680285864755428182e-01 9.794885350961234083e-02 -8.708809775666761371e-04 9.951910681978581863e-01 7.198616581593273622e+01
9.949937353966954445e-01 1.699272364453987064e-02 -9.848205627589863564e-02 -5.035709848197353899e+00 -1.696982614251637406e-02 9.998554293707405671e-01 1.070172047730093626e-03 -8.632006956498187167e-01 9.848599061715844483e-02 6.064090359447719264e-04 9.951382519362386159e-01 7.267963992684603625e+01
9.949096447139930133e-01 1.887140000498484932e-02 -9.898823512141725900e-02 -5.111481006024625628e+00 -1.861350270182464059e-02 9.998205283070812355e-01 3.528256091244119479e-03 -8.792370890847224230e-01 9.903703940926276983e-02 -1.667778270419945953e-03 9.950823492892618694e-01 7.336518365573127198e+01
9.947814446115867959e-01 1.859390280835731060e-02 -1.003202165332787027e-01 -5.170183101609335807e+00 -1.799428575092014426e-02 9.998144277138569791e-01 6.878642563459940948e-03 -8.987203906055648561e-01 1.004294872443551173e-01 -5.037555656370741597e-03 9.949314245747844510e-01 7.401764967347762081e+01
9.947377442454333751e-01 1.617248015257163191e-02 -1.011695244227257401e-01 -5.236614788263441511e+00 -1.589463814193183694e-02 9.998673637154582572e-01 3.551813378689893698e-03 -9.121198950328281985e-01 1.012135337516175404e-01 -1.925069906223665292e-03 9.948628614816349414e-01 7.464146334272696492e+01
9.948289774833309895e-01 1.036163171722817404e-02 -1.010343689743877504e-01 -5.297189309385826661e+00 -1.052223467860400295e-02 9.999440812825456382e-01 -1.056806763266540661e-03 -9.277467897727716961e-01 1.010177554915070719e-01 2.114449598826683568e-03 9.948823752870310511e-01 7.523034608160250514e+01
9.949546814960000818e-01 7.017299009776764747e-03 -1.000796722877435735e-01 -5.357212338871436330e+00 -7.653682867498600925e-03 9.999528516672925305e-01 -5.976247980049967899e-03 -9.436018297423982570e-01 1.000330031842412565e-01 6.712074617720274403e-03 9.949614790774264916e-01 7.584480927558395535e+01
9.952422178188681245e-01 8.315211430533377482e-03 -9.707618952974179927e-02 -5.432973389805588305e+00 -8.980561029187886235e-03 9.999390712059529340e-01 -6.418983549734104226e-03 -9.573184048103015042e-01 9.701688660048678192e-02 7.260242751256428678e-03 9.952562540347779096e-01 7.642676807612838275e+01
9.955940929111256610e-01 1.335397421237590268e-02 -9.281204067064525998e-02 -5.497716131211438650e+00 -1.380539512712678288e-02 9.998957811539532781e-01 -4.223484376037114213e-03 -9.639449088821554490e-01 9.274595519232438356e-02 5.486183528257646339e-03 9.956746899972654941e-01 7.697889141260802148e+01
9.960419958945302410e-01 1.143068405188400749e-02 -8.814580593029161526e-02 -5.540073850218641738e+00 -1.155833143640482528e-02 9.999327603887744331e-01 -9.378828947563516011e-04 -9.783330862849967113e-01 8.812914659789891636e-02 1.952989433631344834e-03 9.961071419164765350e-01 7.754561866915126700e+01
9.965133429879854399e-01 8.826800764852447967e-03 -8.296532962246873366e-02 -5.577358647314733631e+00 -8.577417131793881738e-03 9.999575621572112105e-01 3.361811203555839424e-03 -9.900293785438940564e-01 8.299147167256977486e-02 -2.638461619751188668e-03 9.965467641265463028e-01 7.810308142757810401e+01
9.972123369887507804e-01 3.365844593886700015e-03 -7.454010274775840772e-02 -5.601304811437542774e+00 -2.891752775420560265e-03 9.999749060357161490e-01 6.467230256700744889e-03 -1.001950656007536411e+00 7.455998993645322759e-02 -6.233650693014312037e-03 9.971970460381561763e-01 7.862754920615067533e+01
9.979579442789118238e-01 5.006621334684446117e-03 -6.367790708672800559e-02 -5.651425572427365651e+00 -4.607243050585654170e-03 9.999687963942562874e-01 6.417129099577426748e-03 -1.013248771737059295e+00 6.370803970163764485e-02 -6.110645810921395624e-03 9.979498710010618057e-01 7.911937092633375812e+01
9.987529774411887384e-01 1.088527563671889270e-02 -4.872372384791411049e-02 -5.669553740628680671e+00 -1.059830970872762193e-02 9.999249601331973158e-01 6.144094724886743630e-03 -1.026093776759132492e+00 4.878694125687919880e-02 -5.620044193709121047e-03 9.987933965846373940e-01 7.963619750306007461e+01
9.993910014818443432e-01 1.685936844449669597e-02 -3.055140121887124985e-02 -5.674421137402425153e+00 -1.665758941749623592e-02 9.998378084579994107e-01 6.847000294189053982e-03 -1.030493069191987798e+00 3.066187804155324700e-02 -6.333918261627328322e-03 9.995097450902749037e-01 8.014207352453840372e+01
9.998459657440195159e-01 1.512981786726167420e-02 -8.895701065936017712e-03 -5.669984265065850515e+00 -1.506836542815438371e-02 9.998624179398635237e-01 6.934658526036736534e-03 -1.027771682826366106e+00 8.999396100037790336e-03 -6.799547213138690260e-03 9.999363864730044238e-01 8.058902164393069256e+01
9.998012950948437227e-01 9.666250324797202517e-03 1.743370248298081043e-02 -5.655363463444222027e+00 -9.808535562726339654e-03 9.999191311996915577e-01 8.094668832601336142e-03 -1.047895478608659614e+00 -1.735404521669102126e-02 -8.264060157278697166e-03 9.998152541349123457e-01 8.107836710768688704e+01
9.988630682395002180e-01 9.396046754552241781e-03 4.673633991093418399e-02 -5.594807195680410850e+00 -9.861052934691598784e-03 9.999040483390206902e-01 9.729014511055112530e-03 -1.054106136753873990e+00 -4.664043495393763172e-02 -1.017882367551241514e-02 9.988598806374585637e-01 8.152576501884954041e+01
9.967685927725056239e-01 9.062834383540451649e-03 7.981377236263040298e-02 -5.541683402081230447e+00 -9.960129808903832663e-03 9.998915149776010924e-01 1.085145441108254991e-02 -1.051859689883639426e+00 -7.970675814625557964e-02 -1.161134549338069082e-02 9.967507254200024258e-01 8.196611173784980053e+01
9.930497898667238754e-01 8.865202717967047771e-03 1.173606608847388988e-01 -5.475744477556719225e+00 -1.025817145583343866e-02 9.998838670095233638e-01 1.127042073586423561e-02 -1.056368360937508299e+00 -1.172471011608694907e-01 -1.239599584370509183e-02 9.930254049562072804e-01 8.242811944261215729e+01
9.872452720350678446e-01 8.860652589972664583e-03 1.589599473280882691e-01 -5.401725945643918614e+00 -1.081187651234068701e-02 9.998764007199976156e-01 1.141431457112322342e-02 -1.066703054830358433e+00 -1.588391404272866680e-01 -1.298738462467781754e-02 9.872190497386299501e-01 8.283513568669528127e+01
9.788947684973100527e-01 8.566570482414286383e-03 2.041853358733791979e-01 -5.289395125350176308e+00 -1.101245510897821620e-02 9.998805434457576080e-01 1.084548926124946806e-02 -1.067001856501558876e+00 -2.040680085960232260e-01 -1.286517579350809903e-02 9.788721723730183788e-01 8.325670947207069617e+01
9.675069318468181301e-01 8.544614629109759801e-03 2.527000882415718075e-01 -5.141701756870886264e+00 -1.137810752596526455e-02 9.998876962803102675e-01 9.753638288208056617e-03 -1.069531608329850059e+00 -2.525883341442963226e-01 -1.231196268826653499e-02 9.674954991406399252e-01 8.367584223738884930e+01
9.521130322675190882e-01 8.406990864715371825e-03 3.056306731771009089e-01 -5.008947749497013824e+00 -1.130699468335480580e-02 9.999062756676222463e-01 7.719566991313728775e-03 -1.085392817533021637e+00 -3.055370888616756875e-01 -1.080566592964476297e-02 9.521188543743976940e-01 8.403192528763833025e+01
9.326694448315965280e-01 8.166114115142366486e-03 3.606397623581424905e-01 -4.795587946045117178e+00 -1.090697555667313919e-02 9.999250292944668050e-01 5.565396493769581010e-03 -1.087891170117132766e+00 -3.605672289451217205e-01 -9.124165458795291742e-03 9.326885901071666485e-01 8.444176855529357795e+01
9.085378271171734577e-01 8.070587938844426407e-03 4.177246762295430127e-01 -4.624500777368430349e+00 -1.069432448097685194e-02 9.999350489386018559e-01 3.940722130425041228e-03 -1.089430611546651217e+00 -4.176656846370612741e-01 -8.047579467516621787e-03 9.085651267547988352e-01 8.476353514527737332e+01
8.799762907935094747e-01 8.162363660669337551e-03 4.749475055957046443e-01 -4.379665700494832947e+00 -1.029766157274007027e-02 9.999451830125383189e-01 1.894491596544834247e-03 -1.080999959336845784e+00 -4.749059432146344184e-01 -6.557957437301741369e-03 8.800121071443302023e-01 8.510126766591500314e+01
8.469747987251967647e-01 7.128625898795653767e-03 5.315852802821664502e-01 -4.089000111746640798e+00 -8.293435042210852912e-03 9.999655897050688802e-01 -1.957319189346794219e-04 -1.114758103884923690e+00 -5.315683123202173954e-01 -4.242888955032959181e-03 8.470047757037174607e-01 8.543280531300008818e+01
8.105703846627729803e-01 6.909551825368710765e-03 5.856005078940413888e-01 -3.844929460120991127e+00 -6.995363178906048932e-03 9.999732933462046613e-01 -2.116001120606759989e-03 -1.113403661351981544e+00 -5.855994105854686049e-01 -2.381321286404146972e-03 8.105970727889065808e-01 8.568845533153736937e+01
7.708849005848407154e-01 6.355789852591175321e-03 6.369427977573396404e-01 -3.539535033206116399e+00 -6.787324545018970021e-03 9.999754104512951214e-01 -1.763715535267560211e-03 -1.135450005933706930e+00 -6.369382600480554268e-01 -2.963516841199961924e-03 7.709090846859910640e-01 8.600020749287953947e+01
7.283638239660124025e-01 6.375337591074161855e-03 6.851609717212122641e-01 -3.257837179434233565e+00 -7.888573485278540728e-03 9.999684627867502229e-01 -9.185917977693374217e-04 -1.135515248001453203e+00 -6.851451281466069965e-01 -4.735874901472870470e-03 7.283911467978770871e-01 8.620384598691701683e+01
6.834084494048950909e-01 6.131138586098303089e-03 7.300105280677801067e-01 -2.954035194572649292e+00 -7.730532951763968014e-03 9.999694445177099711e-01 -1.161405241145407365e-03 -1.141211873516231767e+00 -7.299952451293484357e-01 -4.849657642587282269e-03 6.834349656479598023e-01 8.642758277277275170e+01
6.367653749641982719e-01 1.373658211996125339e-03 7.710564500920858988e-01 -2.612419443607895797e+00 -2.495927483317382858e-03 9.999968460484170985e-01 2.797033685237385048e-04 -1.141317829270163564e+00 -7.710535306486879792e-01 -2.102607622196770061e-03 6.367667964033953965e-01 8.666257445669458548e+01
5.902848301328629255e-01 2.208828722234362080e-04 8.071950551812281383e-01 -2.302367304721188113e+00 1.766276419088563115e-03 9.999972150751991196e-01 -1.565282286305141358e-03 -1.178278515832040796e+00 -8.071930447520334617e-01 2.349691048486052519e-03 5.902827973721569421e-01 8.681082224540945447e+01
5.433541326314158537e-01 1.006528983820179426e-03 8.395030477612696052e-01 -1.959603916163965120e+00 9.745683013327333805e-04 9.999978511528364589e-01 -1.829727841606857731e-03 -1.168508121996382654e+00 -8.395029729448222344e-01 1.812342193426646000e-03 5.433519854442961927e-01 8.703035091494434994e+01
4.963758575448647403e-01 2.641890272511366808e-03 8.681037546300276464e-01 -1.647140481164821146e+00 -1.741705308528936416e-03 9.999963873353191479e-01 -2.047381442877134299e-03 -1.153529932991754547e+00 -8.681059110580242599e-01 -4.957115080289906453e-04 4.963786670718488558e-01 8.712684504886929915e+01
4.508890464536013387e-01 4.223177276824204018e-03 8.925700749674998491e-01 -1.295809980022099461e+00 -2.489460060431544081e-03 9.999908673783212132e-01 -3.473864550463326949e-03 -1.168563962876383089e+00 -8.925764745665633049e-01 -6.556914663887990213e-04 4.508954434977671122e-01 8.726850127599266216e+01
4.077378599909865509e-01 2.780662022502293149e-03 9.130948563120591110e-01 -9.188715631961752450e-01 3.971604871452611568e-03 9.999805027799227863e-01 -4.818755754492411343e-03 -1.163162947756487320e+00 -9.130903304410158405e-01 5.591240199460688343e-03 4.077188679973579588e-01 8.741749494714893842e+01
3.687129462586353768e-01 -4.545271908616851063e-03 9.295322581977868426e-01 -5.713047251051807107e-01 1.793723721108680946e-02 9.998366367995025206e-01 -2.226026151252501716e-03 -1.208216342449450753e+00 -9.293701643693040859e-01 1.749400524766986029e-02 3.687342432391180758e-01 8.748131211540405161e+01
3.332712379489539689e-01 -8.240685585428878315e-03 9.427950422533998287e-01 -1.962284258853370655e-01 2.328339945179859483e-02 9.997287759003776753e-01 5.078110714738497816e-04 -1.207911450531984565e+00 -9.425433918944352563e-01 2.178223502331206804e-02 3.333727194411958417e-01 8.756725392369807537e+01
2.996543322298522716e-01 -4.860381141310812433e-03 9.540355231400561298e-01 1.714605977761372579e-01 2.057894061624382723e-02 9.997872922223364212e-01 -1.370202991213135928e-03 -1.226936641824870389e+00 -9.538258048079985008e-01 2.004362773357341171e-02 2.996906164450169885e-01 8.767126410791149738e+01
2.686986387753041994e-01 2.860674016334831607e-03 9.632201108909934639e-01 5.191862803748249489e-01 1.040491942878369810e-02 9.999286246817198354e-01 -5.872237615912945415e-03 -1.208474692717600441e+00 -9.631680302043940101e-01 1.160008927058085726e-02 2.686496967798765456e-01 8.775720641603118111e+01
2.400456252953857006e-01 7.979649388877690583e-03 9.707288750952284273e-01 9.153927246153750197e-01 4.622979017123399204e-03 9.999454796027216208e-01 -9.363005130744134902e-03 -1.213505430527209050e+00 -9.707505339495617891e-01 6.735206583516295704e-03 2.399956497094837826e-01 8.785495688721796625e+01
2.139337587022110410e-01 8.901261530297141858e-03 9.768076791427336980e-01 1.316602255877090899e+00 6.310780058692859809e-03 9.999250215144274145e-01 -1.049406391219342462e-02 -1.232097618229211822e+00 -9.768277190553187328e-01 8.409452007400727153e-03 2.138615459302228849e-01 8.792971625667063051e+01
1.907580130760563875e-01 9.612319908333858895e-03 9.815900940049424594e-01 1.715356676109333511e+00 1.344397030726789469e-02 9.998326910972623605e-01 -1.240360526773367535e-02 -1.246407483199520883e+00 -9.815449610992137419e-01 1.556255478032991801e-02 1.905968713962482575e-01 8.797508107263408306e+01
1.700621215456658286e-01 1.509225215294568087e-02 9.853178313066631722e-01 2.109548879094735430e+00 1.967038747188053910e-02 9.996315028451905338e-01 -1.870652994551558895e-02 -1.267458584126713639e+00 -9.852369360949759791e-01 2.256285585431269669e-02 1.697025852865608198e-01 8.802041868524067070e+01
1.508171179745764756e-01 2.272360576082203820e-02 9.883005441234572475e-01 2.561065674509924950e+00 2.187607239642261683e-02 9.994142422093952316e-01 -2.631747999587396442e-02 -1.260173005990261386e+00 -9.883195349453310907e-01 2.558926113019121054e-02 1.502316740398433048e-01 8.808778354809368238e+01
1.328519670315299883e-01 2.380477565298570047e-02 9.908500487339543250e-01 2.984442863528359968e+00 2.007064011468937675e-02 9.994419241622150007e-01 -2.670223718650894043e-02 -1.261642497370640381e+00 -9.909325872034621119e-01 2.343443966672514520e-02 1.323000500877184737e-01 8.815724551627324956e+01
1.173725660347753608e-01 1.944127059980938280e-02 9.928977036037093251e-01 3.422995693913155613e+00 1.847875743304499413e-02 9.995925061740302819e-01 -2.175676911895045931e-02 -1.278933227033901554e+00 -9.929159500653541581e-01 2.090116360956882982e-02 1.169654885250909493e-01 8.818502268509693920e+01
1.027055775429680240e-01 1.628332816164812860e-02 9.945785791409861298e-01 3.907256544646056540e+00 1.967976779518619546e-02 9.996370371760416873e-01 -1.839838398707867306e-02 -1.308004167041219468e+00 -9.945170377113410343e-01 2.146269214107656906e-02 1.023478487290939015e-01 8.822455463689762212e+01
8.915905657856786071e-02 1.391048637630176200e-02 9.959203250649876216e-01 4.394568340967015985e+00 2.061211261665693573e-02 9.996625663642996207e-01 -1.580803963785081326e-02 -1.313717551377679760e+00 -9.958040320928585043e-01 2.193745181664132071e-02 8.884224841193386069e-02 8.826849088957243339e+01
